31,5
31,1
31,3
14,5
37,35
33,4
33,7
33,6
33,5
33,3
10,22
10,188
10,202
10,234
10,274
10,18
11,30
11,7
8,11
8,10
8,7
8,18
0,318
35,7
35,6
35,5
35,4
35,3
35,2
35,1
35,0
34,5
34,4
34,3
34,2
34,1
34,0
33,37
33,36
33,35
33,34
33,33
33,32
33,31
33,30
33,29
33,28
33,27
33,26
33,25
33,24
33,23
33,22
33,21
33,20
33,19
33,18
33,17
33,16
33,1
33,15
33,14
33,13
30,4
30,1
30,3
29,3
29,1
28,5
28,4
28,3
28,1
27,3
27,1
26,4
26,3
26,1
25,5
25,4
25,3
25,1
24,6
24,4
24,3
24,1
20,3
20,2
20,1
19,3
19,2
19,1
18,1
12,3
12,2
18,3
12,1
11,29
14,1
11,28
11,26
14,4
11,25
11,24
11,13
11,9
14,3
11,8
11,3
13,1
11,2
11,1
13,3
10,250
